# ID,label,height,root_density,area,shape_index,elongation_xy,slenderness,circularity,std_z,linearity,sphericity
   0.00000,   0.00000,   5.02000,   0.00276,  46.98954,   1.64151,   2.25376,   0.47901,   0.72061,   0.70765,   0.70143,   0.01788
   1.00000,   0.00000,   3.60000,   0.00434,  53.22318,   1.86921,   1.71662,   0.34156,   0.82495,   0.80393,   0.22824,   0.05832
   2.00000,   0.00000,   7.49000,   0.00145, 239.90445,   4.01883,   1.06102,   0.43955,   0.84600,   1.45214,   0.36718,   0.15586
   3.00000,   0.00000,   7.07000,   0.00097, 265.78952,   4.28723,   1.26328,   0.33412,   0.86901,   1.56131,   0.59589,   0.15477
   4.00000,   0.00000,   5.21000,   0.00041, 332.97028,   4.87980,   1.06745,   0.22095,   0.89869,   0.77326,   0.19935,   0.04267
   5.00000,   0.00000,   3.70000,   0.00118, 102.33717,   2.63021,   1.64965,   0.26020,   0.84949,   0.62853,   0.13887,   0.04635
   6.00000,   0.00000,   1.66000,   0.00062,  85.87453,   2.36997,   1.11573,   0.16717,   0.82192,   0.41909,   0.58984,   0.03123
   7.00000,   0.00000,   3.75000,   0.00031, 365.96097,   4.82694,   1.59657,   0.14401,   0.80005,   0.64549,   0.33788,   0.44099
   8.00000,   0.00000,   5.77000,   0.00129, 227.85353,   3.97012,   1.40447,   0.29620,   0.86928,   0.80633,   0.34282,   0.28252
   9.00000,   0.00000,   6.66000,   0.00108, 180.44446,   3.25629,   1.99589,   0.34259,   0.73843,   1.21939,   0.71332,   0.15441
  10.00000,   0.00000,   3.59000,   0.00111, 192.89429,   3.51677,   1.31608,   0.22052,   0.80571,   0.56727,   0.10398,   0.22234
  11.00000,   0.00000,   6.65000,   0.00061, 277.18469,   4.48349,   1.17114,   0.33167,   0.91133,   1.44113,   0.37830,   0.18365
  12.00000,   0.00000,   4.32000,   0.00578,  50.15804,   1.82713,   1.60616,   0.46055,   0.83639,   0.69790,   0.36896,   0.13135
  13.00000,   0.00000,   5.85000,   0.00149, 172.55748,   3.39995,   1.01335,   0.40569,   0.84182,   0.66330,   0.85086,   0.11311
  14.00000,   0.00000,   4.82000,   0.00125, 184.25580,   3.53537,   1.20728,   0.31586,   0.85243,   0.76350,   0.09281,   0.05667
  15.00000,   0.00000,   9.57000,   0.00042, 765.83606,   7.11978,   1.12340,   0.29446,   0.83178,   1.49723,   0.51076,   0.38580
  16.00000,   0.00000,   5.06000,   0.00093, 137.01289,   3.09228,   1.49805,   0.32921,   0.87701,   1.11766,   0.12338,   0.05580
  17.00000,   0.00000,   2.72000,   0.00071, 208.93623,   3.64275,   1.18810,   0.15659,   0.79810,   0.39086,   0.13840,   0.02356
  18.00000,   0.00000,   2.92000,   0.00447,  31.18900,   1.37856,   1.74774,   0.37629,   0.76570,   0.53343,   0.26612,   0.09989
  19.00000,   0.00000,   5.88000,   0.00066, 157.60658,   3.30481,   1.00076,   0.44444,   0.87082,   0.84811,   0.05145,   0.23290
  20.00000,   0.00000,   6.99000,   0.00180, 159.40784,   3.24225,   1.37336,   0.44607,   0.82869,   1.23284,   0.51147,   0.17660
  21.00000,   0.00000,   4.37000,   0.00091, 188.95256,   3.48071,   1.55467,   0.22433,   0.80574,   0.78433,   0.23074,   0.03529
  22.00000,   0.00000,   8.13000,   0.00050, 470.96478,   5.41044,   2.25976,   0.23423,   0.78106,   1.79478,   0.30613,   0.07043
  23.00000,   0.00000,   8.38000,   0.00056, 389.76498,   5.05520,   1.17863,   0.37799,   0.82392,   1.73239,   0.06169,   0.03085
  24.00000,   0.00000,   4.66000,   0.00132, 215.41841,   3.80290,   1.09907,   0.28191,   0.84364,   0.61350,   0.26756,   0.20589
  25.00000,   0.00000,   2.12000,   0.00058, 110.51012,   2.74039,   1.25741,   0.17222,   0.85395,   0.50132,   0.43348,   0.03219
  26.00000,   0.00000,   7.72000,   0.00041, 249.50665,   4.32931,   1.09056,   0.38389,   0.94398,   1.80770,   0.19457,   0.09006
  27.00000,   0.00000,   3.03000,   0.00273,  80.21077,   2.35635,   1.23307,   0.28212,   0.86988,   0.32669,   0.34051,   0.08748
  28.00000,   0.00000,   5.61000,   0.00102, 181.70844,   3.55038,   1.07282,   0.37702,   0.87174,   0.86867,   0.22146,   0.29452
  29.00000,   0.00000,   4.31000,   0.00041, 294.14636,   4.37862,   1.34777,   0.18978,   0.81907,   0.52924,   0.58567,   0.06256
  30.00000,   0.00000,   7.49000,   0.00030, 269.60358,   4.28810,   1.02515,   0.40840,   0.85706,   1.17027,   0.57289,   0.13752
  31.00000,   0.00000,   7.64000,   0.00037, 358.45328,   4.96995,   1.03306,   0.30560,   0.86593,   1.79463,   0.26987,   0.08029
  32.00000,   0.00000,   3.53000,   0.00164, 112.81466,   2.63900,   1.58761,   0.23755,   0.77575,   0.32290,   0.42316,   0.07062
  33.00000,   0.00000,   6.90000,   0.00369,  57.98563,   1.95486,   1.05423,   0.86575,   0.82817,   1.47838,   0.06371,   0.25115
  34.00000,   0.00000,   8.35000,   0.00023, 467.45523,   5.61189,   1.37098,   0.29267,   0.84662,   1.09974,   0.69046,   0.12577
  35.00000,   0.00000,   6.74000,   0.00121, 200.04341,   3.67095,   1.10651,   0.43540,   0.84653,   1.18161,   0.00978,   0.22162
  36.00000,   0.00000,   7.29000,   0.00113, 162.12274,   3.45106,   1.08284,   0.49795,   0.92315,   1.38038,   0.72208,   0.21799
  37.00000,   0.00000,   6.93000,   0.00036, 234.70467,   4.05879,   1.11154,   0.40432,   0.88203,   1.23728,   0.23231,   0.10219
  38.00000,   0.00000,   5.82000,   0.00035, 180.44153,   3.46646,   1.46521,   0.32137,   0.83685,   0.61648,   0.40534,   0.10829
  39.00000,   0.00000,   2.85000,   0.00487,  39.70953,   1.58771,   1.50377,   0.35759,   0.79774,   0.52809,   0.46346,   0.03445
  40.00000,   0.00000,   3.44000,   0.00614,  50.67211,   1.76753,   1.62349,   0.36596,   0.77477,   0.67931,   0.25816,   0.25235
  41.00000,   0.00000,   3.50000,   0.00141,  70.52206,   2.12574,   1.55297,   0.32710,   0.80520,   0.68385,   0.32968,   0.03172
  42.00000,   0.00000,   6.76000,   0.00090, 234.41676,   3.79621,   1.41713,   0.29832,   0.77254,   0.63686,   0.75022,   0.20054
  43.00000,   0.00000,   8.13000,   0.00109, 267.97571,   4.31770,   1.17013,   0.42521,   0.87422,   1.27278,   0.60913,   0.23095
  44.00000,   0.00000,   4.83000,   0.00041, 289.01459,   4.46216,   1.21641,   0.23607,   0.86572,   0.57274,   0.08672,   0.65913
  45.00000,   0.00000,   6.61000,   0.00123, 169.69267,   3.40761,   1.09602,   0.41364,   0.85990,   1.21921,   0.69734,   0.15028
  46.00000,   0.00000,   8.29000,   0.00145, 121.09467,   2.60336,   1.67655,   0.50611,   0.70332,   1.47035,   0.21507,   0.31291
  47.00000,   0.00000,   8.00000,   0.00050, 368.82187,   4.78409,   1.85286,   0.29412,   0.77982,   1.53156,   0.18969,   0.04306
  48.00000,   0.00000,   5.52000,   0.00309,  97.99865,   2.48474,   1.56455,   0.41410,   0.79168,   0.81200,   0.59138,   0.13891
  49.00000,   0.00000,   7.57000,   0.00103, 143.38541,   3.01049,   1.61256,   0.49156,   0.79429,   1.03557,   0.39371,   0.25218
  50.00000,   0.00000,   4.89000,   0.00108, 215.28818,   3.77567,   1.11631,   0.29281,   0.83210,   0.51728,   0.46230,   0.16905
  51.00000,   0.00000,   4.82000,   0.00110, 218.13708,   3.89116,   1.11955,   0.28437,   0.87224,   0.74413,   0.71945,   0.16337
  52.00000,   0.00000,   9.35000,   0.00078, 392.70761,   5.21580,   1.26694,   0.38179,   0.87053,   2.02569,   0.17991,   0.07398
  53.00000,   0.00000,   4.15000,   0.00264,  71.70038,   2.22146,   1.00919,   0.47213,   0.86490,   0.53876,   0.28572,   0.11532
  54.00000,   0.00000,  10.97000,   0.00037, 352.29965,   4.93591,   1.29503,   0.48908,   0.86902,   2.23526,   0.12333,   0.02334
  55.00000,   0.00000,   9.15000,   0.00007, 374.58926,   4.99524,   1.11957,   0.43822,   0.83708,   1.67413,   0.48928,   0.24894
  56.00000,   0.00000,   4.78000,   0.00132, 164.58997,   3.19133,   1.71709,   0.27346,   0.77759,   0.72051,   0.10172,   0.03228
  57.00000,   0.00000,   6.45000,   0.00085, 247.32991,   4.14872,   1.24017,   0.31946,   0.87450,   1.48594,   0.51828,   0.19456
  58.00000,   0.00000,   3.58000,   0.00222,  58.97221,   1.92920,   1.76733,   0.33427,   0.79308,   0.67326,   0.46272,   0.09615
  59.00000,   0.00000,   4.30000,   0.00129, 219.53967,   3.84784,   1.15203,   0.25220,   0.84748,   0.84140,   0.20308,   0.02876
  60.00000,   0.00000,   9.45000,   0.00006,3478.11670,  12.24774,   3.89775,   0.07581,   0.54197,   0.88967,   0.66962,   0.08772
  61.00000,   0.00000,   4.85000,   0.00070, 158.35512,   3.25281,   1.37209,   0.31617,   0.83964,   0.66577,   0.22128,   0.54309
  62.00000,   0.00000,   5.33000,   0.00160, 111.88171,   2.75629,   1.28250,   0.42538,   0.85330,   0.69704,   0.32347,   0.50424
  63.00000,   0.00000,   3.71000,   0.00186, 114.87693,   2.78770,   1.21953,   0.30636,   0.85010,   0.62955,   0.56703,   0.03398
  64.00000,   0.00000,   9.42000,   0.00004, 818.74066,   7.24640,   1.30253,   0.25033,   0.80595,   1.57560,   0.40090,   0.39597
  65.00000,   0.00000,   1.50000,   0.00135,  58.76180,   1.96514,   1.32935,   0.16816,   0.82585,   0.38325,   0.17613,   0.03679
  66.00000,   0.00000,   4.62000,   0.00111, 261.61612,   3.83951,   1.83184,   0.17381,   0.70810,   0.64862,   0.41691,   0.17833
  67.00000,   0.00000,   7.14000,   0.00075, 152.89128,   2.89302,   2.34889,   0.37343,   0.68791,   1.47538,   0.12831,   0.03329
  68.00000,   0.00000,   8.56000,   0.00142, 248.82475,   4.11761,   1.02584,   0.51350,   0.85626,   1.59377,   0.45450,   0.27030
  69.00000,   0.00000,   7.49000,   0.00029, 370.51959,   5.10555,   1.11934,   0.29144,   0.88406,   1.82655,   0.31096,   0.05743
  70.00000,   0.00000,   7.15000,   0.00117, 213.33684,   3.72073,   1.54362,   0.37415,   0.81545,   1.28974,   0.78590,   0.19999
  71.00000,   0.00000,   2.76000,   0.00321,  45.14034,   1.65674,   2.06198,   0.27655,   0.76411,   0.42297,   0.69085,   0.02858
  72.00000,   0.00000,   4.23000,   0.00148,  93.72715,   2.42591,   1.15605,   0.29894,   0.78903,   0.58944,   0.22414,   0.05073
  73.00000,   0.00000,  10.21000,   0.00060, 435.18896,   5.05205,   1.00315,   0.35674,   0.73700,   2.09966,   0.12016,   0.04364
  74.00000,   0.00000,   7.94000,   0.00102, 304.26672,   4.45367,   1.62789,   0.34180,   0.81920,   1.50766,   0.19196,   0.05776
  75.00000,   0.00000,   4.37000,   0.00077, 111.81649,   2.67635,   1.89693,   0.28266,   0.80499,   0.67663,   0.43808,   0.10821
  76.00000,   0.00000,  10.85000,   0.00014, 374.31976,   5.02202,   1.23555,   0.47442,   0.84669,   2.09478,   0.47739,   0.12817
  77.00000,   0.00000,   7.14000,   0.00121, 147.73758,   3.14098,   1.42612,   0.47727,   0.83917,   0.94421,   0.61801,   0.15405
  78.00000,   0.00000,   3.83000,   0.00527,  50.74828,   1.83749,   1.45806,   0.42367,   0.83607,   0.67932,   0.72191,   0.05446
  79.00000,   0.00000,   1.84000,   0.00087,  90.46072,   2.37905,   1.70445,   0.14568,   0.78624,   0.45694,   0.16751,   0.06673
  80.00000,   0.00000,   5.89000,   0.00117, 178.66815,   3.54981,   1.00996,   0.41479,   0.88628,   0.84493,   0.43870,   0.30604
  81.00000,   0.00000,   5.53000,   0.00324, 122.06044,   2.84516,   1.50743,   0.38944,   0.83339,   1.19641,   0.25338,   0.07217
  82.00000,   0.00000,   7.61000,   0.00126, 210.98706,   3.61164,   1.62240,   0.38926,   0.77689,   1.20416,   0.43081,   0.39906
  83.00000,   0.00000,   8.25000,   0.00079, 223.98956,   3.88675,   1.13524,   0.48416,   0.84753,   1.70315,   0.13145,   0.36924
  84.00000,   0.00000,   7.52000,   0.00032, 242.06973,   4.25963,   1.03417,   0.44366,   0.94192,   1.84222,   0.43416,   0.12680
  85.00000,   0.00000,   5.83000,   0.00156, 144.97005,   3.07678,   1.23774,   0.42742,   0.82059,   0.76783,   0.46844,   0.17672
  86.00000,   0.00000,   7.28000,   0.00076, 232.11243,   4.17067,   1.00276,   0.40044,   0.94172,   1.78677,   0.49685,   0.10787
  87.00000,   0.00000,   7.55000,   0.00180, 173.41170,   3.42083,   1.10966,   0.52177,   0.84800,   1.14209,   0.23723,   0.05152
  88.00000,   0.00000,   5.55000,   0.00044, 313.23380,   4.58247,   1.23119,   0.27353,   0.84244,   0.76766,   0.24837,   0.41458
  89.00000,   0.00000,   5.18000,   0.00236,  89.37711,   2.49257,   1.09110,   0.50291,   0.87353,   0.63020,   0.29175,   0.29953
  90.00000,   0.00000,   3.79000,   0.00044, 181.55719,   3.49830,   1.02874,   0.27149,   0.84705,   0.74773,   0.20524,   0.04053
  91.00000,   0.00000,   7.05000,   0.00121, 164.24080,   3.27532,   1.48502,   0.44451,   0.82080,   1.10536,   0.12496,   0.60458
  92.00000,   0.00000,   7.38000,   0.00037, 287.62842,   4.29698,   1.22242,   0.35808,   0.80669,   1.52412,   0.38528,   0.22495
  93.00000,   0.00000,   5.45000,   0.00244, 110.27412,   2.63285,   1.61034,   0.38901,   0.78993,   0.84331,   0.59639,   0.00721
  94.00000,   0.00000,   3.30000,   0.00188,  54.43378,   1.81233,   1.69415,   0.33469,   0.75826,   0.51241,   0.51645,   0.10397
  95.00000,   0.00000,   4.34000,   0.00065, 238.02341,   3.92134,   1.48727,   0.21222,   0.81182,   0.53907,   0.08497,   0.17208
  96.00000,   0.00000,   8.22000,   0.00047, 223.76207,   3.95400,   1.08457,   0.48929,   0.87801,   1.71535,   0.19356,   0.07052
  97.00000,   0.00000,   7.08000,   0.00214, 163.75883,   3.23781,   1.08315,   0.48098,   0.80447,   1.62633,   0.21560,   0.08119
  98.00000,   0.00000,   7.77000,   0.00046, 450.63507,   5.35444,   2.06506,   0.24480,   0.79949,   1.73582,   0.22992,   0.07153
  99.00000,   0.00000,   8.36000,   0.00136, 162.83449,   3.24592,   1.40292,   0.54321,   0.81309,   0.97397,   0.83059,   0.08672
 100.00000,   1.00000,   1.25000,   0.01333,   8.86494,   0.71804,   2.12604,   0.24704,   0.73086,   0.24010,   0.69206,   0.02527
 101.00000,   1.00000,   1.51000,   0.00938,  10.28288,   0.78036,   2.29436,   0.28491,   0.74419,   0.26774,   0.43581,   0.03631
 102.00000,   1.00000,   1.69000,   0.00748,  11.17347,   0.81729,   2.23013,   0.31707,   0.75123,   0.37505,   0.38178,   0.07423
 103.00000,   1.00000,   1.25000,   0.01266,   9.25116,   0.75407,   2.17701,   0.25406,   0.77240,   0.30672,   0.32285,   0.02865
 104.00000,   1.00000,   1.38000,   0.00888,  12.52937,   0.80291,   2.72606,   0.22009,   0.64657,   0.32388,   0.15654,   0.24242
 105.00000,   1.00000,   0.96000,   0.00968,   9.09471,   0.74928,   1.80707,   0.20915,   0.77572,   0.20757,   0.20666,   0.04242
 106.00000,   1.00000,   1.15000,   0.01250,   8.19102,   0.64723,   2.56218,   0.22330,   0.64267,   0.28946,   0.70844,   0.02073
 107.00000,   1.00000,   1.09000,   0.00595,   8.39160,   0.72759,   1.65412,   0.24773,   0.79276,   0.20419,   0.37018,   0.05010
 108.00000,   1.00000,   1.47000,   0.02618,   6.29159,   0.61850,   2.05234,   0.37500,   0.76407,   0.31993,   0.57513,   0.03082
 109.00000,   1.00000,   0.99000,   0.00746,   7.17418,   0.65813,   1.35483,   0.23571,   0.75869,   0.23686,   0.14414,   0.03920
 110.00000,   1.00000,   1.69000,   0.00586,  14.89493,   0.91949,   2.54686,   0.25920,   0.71329,   0.33031,   0.59337,   0.13581
 111.00000,   1.00000,   1.12000,   0.01355,  10.33004,   0.78798,   2.44089,   0.20857,   0.75534,   0.21472,   0.37367,   0.03316
 112.00000,   1.00000,   1.56000,   0.01786,   8.30412,   0.67413,   2.70747,   0.30648,   0.68772,   0.32381,   0.71602,   0.04479
 113.00000,   1.00000,   1.00000,   0.00683,   9.62433,   0.77411,   1.99169,   0.20833,   0.78243,   0.26033,   0.48948,   0.01516
 114.00000,   1.00000,   1.33000,   0.00723,  13.89010,   0.91070,   2.17343,   0.22581,   0.75033,   0.28916,   0.35890,   0.11673
 115.00000,   1.00000,   1.38000,   0.01761,   8.17458,   0.68136,   2.27178,   0.31151,   0.71367,   0.29321,   0.53582,   0.04320
 116.00000,   1.00000,   1.43000,   0.01653,   5.60289,   0.59631,   1.85339,   0.40395,   0.79752,   0.27685,   0.42900,   0.18990
 117.00000,   1.00000,   1.09000,   0.01014,   8.62659,   0.70625,   2.29106,   0.22336,   0.72660,   0.22848,   0.08752,   0.03225
 118.00000,   1.00000,   1.27000,   0.02312,   6.61419,   0.61563,   1.20731,   0.32071,   0.72008,   0.31941,   0.68526,   0.03163
 119.00000,   1.00000,   1.03000,   0.00633,   8.18475,   0.67432,   2.51998,   0.20437,   0.69814,   0.20650,   0.67248,   0.02397
 120.00000,   1.00000,   1.10000,   0.01282,   7.13160,   0.67450,   2.01477,   0.26895,   0.80166,   0.32049,   0.63055,   0.03586
 121.00000,   1.00000,   1.26000,   0.03145,   7.61163,   0.64956,   2.53295,   0.27332,   0.69658,   0.23368,   0.62845,   0.03332
 122.00000,   1.00000,   1.69000,   0.03012,   8.59353,   0.74334,   1.89028,   0.37723,   0.80801,   0.35199,   0.55626,   0.05951
 123.00000,   1.00000,   1.24000,   0.02349,   8.72217,   0.71796,   2.37620,   0.24850,   0.74265,   0.24280,   0.75381,   0.02146
 124.00000,   1.00000,   1.59000,   0.00802,  12.87499,   0.85449,   2.60169,   0.25896,   0.71265,   0.34531,   0.47284,   0.18064
 125.00000,   1.00000,   1.43000,   0.01866,   7.79772,   0.69409,   2.06763,   0.33411,   0.77638,   0.28999,   0.57086,   0.02676
 126.00000,   1.00000,   1.33000,   0.01812,   8.00998,   0.71071,   2.09135,   0.30575,   0.79244,   0.27932,   0.06488,   0.17907
 127.00000,   1.00000,   1.33000,   0.00667,  14.68989,   0.94764,   2.21552,   0.21212,   0.76820,   0.26027,   0.40923,   0.04945
 128.00000,   1.00000,   1.38000,   0.00699,   6.81889,   0.64698,   2.08204,   0.33990,   0.77140,   0.28865,   0.66326,   0.02299
 129.00000,   1.00000,   1.48000,   0.01415,  10.78225,   0.78839,   2.44642,   0.27007,   0.72442,   0.32130,   0.50806,   0.05523
 130.00000,   1.00000,   1.23000,   0.00311,   8.81977,   0.73987,   2.18183,   0.25625,   0.77995,   0.22498,   0.46397,   0.05801
 131.00000,   1.00000,   1.30000,   0.00857,   9.88334,   0.77274,   1.35359,   0.26531,   0.75922,   0.25427,   0.61629,   0.02988
 132.00000,   1.00000,   1.15000,   0.00898,   8.95834,   0.73332,   1.15241,   0.26682,   0.75434,   0.30030,   0.52413,   0.05696
 133.00000,   1.00000,   1.51000,   0.00990,  10.94272,   0.80483,   2.30262,   0.28762,   0.74386,   0.28535,   0.25132,   0.09221
 134.00000,   1.00000,   1.31000,   0.01748,  10.03240,   0.77442,   1.37260,   0.26148,   0.75122,   0.29004,   0.29544,   0.05763
 135.00000,   1.00000,   1.66000,   0.01980,  10.76440,   0.80042,   2.30252,   0.30292,   0.74791,   0.29684,   0.55919,   0.06209
 136.00000,   1.00000,   1.22000,   0.00524,   8.88224,   0.72375,   2.41745,   0.24498,   0.74109,   0.25686,   0.57994,   0.03757
 137.00000,   1.00000,   1.03000,   0.02256,   7.10742,   0.65955,   2.24481,   0.23898,   0.76913,   0.25867,   0.69310,   0.04868
 138.00000,   1.00000,   1.19000,   0.01531,   6.20334,   0.57449,   2.80980,   0.25982,   0.66857,   0.29709,   0.67311,   0.09805
 139.00000,   1.00000,   1.48000,   0.01423,   8.52955,   0.72350,   2.03508,   0.31896,   0.77120,   0.31265,   0.40535,   0.04338
 140.00000,   1.00000,   1.31000,   0.00571,   9.24194,   0.75869,   1.06784,   0.30823,   0.78267,   0.28976,   0.52827,   0.04748
 141.00000,   1.00000,   0.98000,   0.02797,   7.37130,   0.66436,   2.02871,   0.23113,   0.75244,   0.24836,   0.68740,   0.03320
 142.00000,   1.00000,   1.26000,   0.01961,   8.00279,   0.66640,   2.45499,   0.27155,   0.69733,   0.25485,   0.63292,   0.04901
 143.00000,   1.00000,   1.85000,   0.01342,   8.74345,   0.72874,   2.25837,   0.39195,   0.76326,   0.42192,   0.15595,   0.04986
 144.00000,   1.00000,   1.38000,   0.01695,   9.68236,   0.77155,   2.23873,   0.27767,   0.77260,   0.20273,   0.03128,   0.07834
 145.00000,   1.00000,   1.63000,   0.01840,   6.68329,   0.62111,   2.33689,   0.37300,   0.72537,   0.35973,   0.73872,   0.02873
 146.00000,   1.00000,   1.16000,   0.01550,   7.35991,   0.66326,   1.15361,   0.29146,   0.75111,   0.27110,   0.69289,   0.05049
 147.00000,   1.00000,   1.81000,   0.02020,  10.05250,   0.79456,   2.04132,   0.36640,   0.78921,   0.36999,   0.32458,   0.01380
 148.00000,   1.00000,   1.42000,   0.01520,   8.66794,   0.74486,   2.08848,   0.30085,   0.80435,   0.30120,   0.41794,   0.05678
 149.00000,   1.00000,   1.38000,   0.01869,   8.29900,   0.70390,   1.18005,   0.32394,   0.75026,   0.34196,   0.68884,   0.03678
 150.00000,   1.00000,   1.02000,   0.00971,   8.90249,   0.71876,   2.35714,   0.20606,   0.72924,   0.20539,   0.16877,   0.04941
 151.00000,   1.00000,   1.22000,   0.01099,   8.84955,   0.73964,   2.19998,   0.25207,   0.77684,   0.25926,   0.51425,   0.06119
 152.00000,   1.00000,   1.46000,   0.00723,  14.82450,   0.93323,   2.41667,   0.22884,   0.73825,   0.36416,   0.27397,   0.09621
 153.00000,   1.00000,   1.11000,   0.01515,   6.47625,   0.59577,   2.31314,   0.24236,   0.68872,   0.29883,   0.86257,   0.02662
 154.00000,   1.00000,   0.67000,   0.01887,   5.96297,   0.61226,   1.89855,   0.17048,   0.78999,   0.17159,   0.76892,   0.01440
 155.00000,   1.00000,   0.98000,   0.00625,   9.00344,   0.70471,   1.42939,   0.19758,   0.69313,   0.24517,   0.65022,   0.02830
 156.00000,   1.00000,   1.60000,   0.01003,  13.04421,   0.83991,   2.61288,   0.24691,   0.67961,   0.30854,   0.48642,   0.10033
 157.00000,   1.00000,   1.01000,   0.01929,   9.26575,   0.75252,   2.35348,   0.19960,   0.76802,   0.21187,   0.33721,   0.03857
 158.00000,   1.00000,   1.47000,   0.00993,   7.98480,   0.68887,   2.34182,   0.32026,   0.74682,   0.30562,   0.33384,   0.04359
 159.00000,   1.00000,   0.85000,   0.02190,   6.55110,   0.59182,   2.28417,   0.19585,   0.67185,   0.23730,   0.81440,   0.01506
 160.00000,   1.00000,   1.13000,   0.01571,   8.07495,   0.67853,   2.06008,   0.23542,   0.71650,   0.23060,   0.53502,   0.03052
 161.00000,   1.00000,   1.48000,   0.01597,   9.32291,   0.74616,   1.23096,   0.31556,   0.75045,   0.30132,   0.39785,   0.03805
 162.00000,   1.00000,   1.49000,   0.01109,  13.16259,   0.83750,   2.85776,   0.23173,   0.66963,   0.34772,   0.30522,   0.06266
 163.00000,   1.00000,   0.49000,   0.00943,   3.44042,   0.48160,   1.62730,   0.18702,   0.84718,   0.06598,   0.67877,   0.00962
 164.00000,   1.00000,   1.30000,   0.00549,  11.07593,   0.82109,   2.05533,   0.25000,   0.76491,   0.25767,   0.08926,   0.05823
 165.00000,   1.00000,   1.31000,   0.02985,   7.86262,   0.66368,   2.63491,   0.26305,   0.70398,   0.24014,   0.83127,   0.02300
 166.00000,   1.00000,   1.62000,   0.01130,   8.97563,   0.73534,   2.17350,   0.34034,   0.75705,   0.39950,   0.66714,   0.01320
 167.00000,   1.00000,   0.98000,   0.01408,   7.38482,   0.64720,   1.97467,   0.20940,   0.71277,   0.20650,   0.70372,   0.02773
 168.00000,   1.00000,   1.56000,   0.01295,  11.67682,   0.81086,   2.53877,   0.26486,   0.70758,   0.40496,   0.45262,   0.03140
 169.00000,   1.00000,   1.28000,   0.00552,   9.97085,   0.77519,   2.28317,   0.24806,   0.75736,   0.25011,   0.29192,   0.02769
 170.00000,   1.00000,   1.04000,   0.00755,   7.79099,   0.68924,   2.26768,   0.23163,   0.76623,   0.24633,   0.24195,   0.04154
 171.00000,   1.00000,   1.18000,   0.02007,  10.03469,   0.77193,   2.34497,   0.21974,   0.74622,   0.26462,   0.46269,   0.07472
 172.00000,   1.00000,   1.30000,   0.01596,   7.44543,   0.62733,   2.60220,   0.27601,   0.66422,   0.28846,   0.62648,   0.02584
 173.00000,   1.00000,   1.09000,   0.00727,   7.71157,   0.68925,   2.15122,   0.24717,   0.77414,   0.24038,   0.48120,   0.04296
 174.00000,   1.00000,   1.32000,   0.01429,   7.38714,   0.67672,   1.96411,   0.30137,   0.77904,   0.27779,   0.62456,   0.05158
 175.00000,   1.00000,   1.20000,   0.02703,   6.04230,   0.56036,   1.25077,   0.29703,   0.65305,   0.30335,   0.85234,   0.03826
 176.00000,   1.00000,   1.28000,   0.00896,  11.13019,   0.82374,   1.20146,   0.25858,   0.76611,   0.28868,   0.40367,   0.09554
 177.00000,   1.00000,   1.14000,   0.00730,   9.19187,   0.74231,   2.34561,   0.22397,   0.75331,   0.19307,   0.36288,   0.02481
 178.00000,   1.00000,   1.77000,   0.02532,   7.55716,   0.67118,   2.11054,   0.42143,   0.74907,   0.33813,   0.66617,   0.03150
 179.00000,   1.00000,   1.22000,   0.01149,   7.92737,   0.69053,   2.09299,   0.27111,   0.75586,   0.23150,   0.18391,   0.02090
 180.00000,   1.00000,   0.95000,   0.02027,   7.44340,   0.68287,   2.00976,   0.23058,   0.78725,   0.27020,   0.54745,   0.08962
 181.00000,   1.00000,   1.10000,   0.00785,  11.50012,   0.83120,   2.23628,   0.20755,   0.75495,   0.25435,   0.07403,   0.08723
 182.00000,   1.00000,   1.04000,   0.00292,   9.18636,   0.75190,   2.04426,   0.22511,   0.77338,   0.26489,   0.38547,   0.05852
 183.00000,   1.00000,   1.48000,   0.00806,  10.47317,   0.75919,   2.57941,   0.26812,   0.69156,   0.33235,   0.31975,   0.07810
 184.00000,   1.00000,   1.63000,   0.00285,  11.10201,   0.77506,   2.81818,   0.27674,   0.67996,   0.39799,   0.31168,   0.02420
 185.00000,   1.00000,   1.32000,   0.00815,  13.31413,   0.87027,   2.32060,   0.21711,   0.71483,   0.38644,   0.11236,   0.06887
 186.00000,   1.00000,   0.96000,   0.01471,   8.43776,   0.69141,   2.55790,   0.19753,   0.71196,   0.19117,   0.37893,   0.01117
 187.00000,   1.00000,   1.11000,   0.01597,  10.71248,   0.74172,   2.85376,   0.18347,   0.64536,   0.22340,   0.49014,   0.09893
 188.00000,   1.00000,   1.40000,   0.01240,  10.70871,   0.73715,   2.75889,   0.22654,   0.63766,   0.31840,   0.57146,   0.17344
 189.00000,   1.00000,   1.46000,   0.02041,  11.29787,   0.80441,   2.39315,   0.26071,   0.71973,   0.25939,   0.55653,   0.07130
 190.00000,   1.00000,   1.22000,   0.00651,   8.93464,   0.73631,   2.18264,   0.25523,   0.76252,   0.23135,   0.20130,   0.04959
 191.00000,   1.00000,   1.73000,   0.00676,   8.59181,   0.69134,   1.73611,   0.34600,   0.69905,   0.38594,   0.55128,   0.01287
 192.00000,   1.00000,   1.36000,   0.01894,   8.67410,   0.75889,   1.66933,   0.32458,   0.83434,   0.26755,   0.17881,   0.06904
 193.00000,   1.00000,   1.32000,   0.00613,   8.18776,   0.70800,   1.99559,   0.29268,   0.76932,   0.23029,   0.69031,   0.02567
 194.00000,   1.00000,   1.24000,   0.00255,  12.28750,   0.83575,   2.48928,   0.21379,   0.71434,   0.32588,   0.42421,   0.02082
 195.00000,   1.00000,   1.15000,   0.00990,   5.40282,   0.56707,   2.29165,   0.29870,   0.74795,   0.31000,   0.83468,   0.04674
 196.00000,   1.00000,   1.25000,   0.01724,   8.93780,   0.75811,   2.09863,   0.26709,   0.80807,   0.28010,   0.55657,   0.04841
 197.00000,   1.00000,   1.03000,   0.01899,   9.20600,   0.74969,   2.00000,   0.21730,   0.76719,   0.21079,   0.22162,   0.03655
 198.00000,   1.00000,   1.18000,   0.01429,   8.04453,   0.70795,   2.00908,   0.26697,   0.78293,   0.24540,   0.36848,   0.04428
 199.00000,   1.00000,   0.85000,   0.01463,  10.00127,   0.77768,   1.12771,   0.18162,   0.75990,   0.21720,   0.33061,   0.06442
 200.00000,   2.00000,   1.73000,   0.01478,  13.04739,   0.53045,   5.93593,   0.14357,   0.27100,   0.28990,   0.94468,   0.03781
 201.00000,   2.00000,   1.91000,   0.00504, 277.54947,   3.63619,   1.21986,   0.07549,   0.59864,   0.30378,   0.81397,   0.06601
 202.00000,   2.00000,   2.48000,   0.01163,  21.95217,   0.53693,   9.64527,   0.12666,   0.16503,   0.34346,   0.95634,   0.00425
 203.00000,   2.00000,   1.37000,   0.02632,  14.53158,   0.53761,   6.25869,   0.10890,   0.24993,   0.34397,   0.92981,   0.00784
 204.00000,   2.00000,   2.71000,   0.00375,1275.06934,   8.45624,   1.88423,   0.04405,   0.70474,   0.35368,   0.95376,   0.00317
 205.00000,   2.00000,   2.23000,   0.03738,   5.97937,   0.34859,   6.88976,   0.27429,   0.25537,   0.22744,   0.98880,   0.00194
 206.00000,   2.00000,   2.00000,   0.02027,   4.63516,   0.25238,  12.61092,   0.22026,   0.17269,   0.22011,   0.97706,   0.00745
 207.00000,   2.00000,   2.33000,   0.00907,  51.38210,   0.96736,   8.12048,   0.09346,   0.22886,   0.26390,   0.97380,   0.01096
 208.00000,   2.00000,   2.37000,   0.00844, 217.65511,   2.89222,   2.03991,   0.08136,   0.48295,   0.26412,   0.94880,   0.03767
 209.00000,   2.00000,   3.33000,   0.00468,  27.33938,   0.44245,  29.30739,   0.10925,   0.08998,   0.38487,   0.63265,   0.01657
 210.00000,   2.00000,   2.92000,   0.00486,  77.63789,   1.09075,   8.31280,   0.08324,   0.19257,   0.47319,   0.89602,   0.01775
 211.00000,   2.00000,   1.46000,   0.04348,   3.91519,   0.24720,  13.81745,   0.19211,   0.19614,   0.25881,   0.97225,   0.00651
 212.00000,   2.00000,   1.81000,   0.02885,   7.11577,   0.30885,  13.28562,   0.16219,   0.16845,   0.28979,   0.96428,   0.01040
 213.00000,   2.00000,   3.60000,   0.00333,1887.22937,   9.22680,   2.71260,   0.04224,   0.56688,   0.46634,   0.94942,   0.00744
 214.00000,   2.00000,   1.45000,   0.02000,   6.14695,   0.20865,  27.09320,   0.09911,   0.08900,   0.25389,   0.97832,   0.00291
 215.00000,   2.00000,   3.31000,   0.00418, 938.87531,   6.87476,   1.63744,   0.06329,   0.63258,   0.54358,   0.77770,   0.11616
 216.00000,   2.00000,   1.77000,   0.00444, 676.19897,   6.44196,   1.44460,   0.05633,   0.77121,   0.35976,   0.40831,   0.13969
 217.00000,   2.00000,   2.76000,   0.00529, 103.30141,   1.75874,   3.77793,   0.10077,   0.37628,   0.46254,   0.81274,   0.10389
 218.00000,   2.00000,   1.40000,   0.00800,  13.05397,   0.31364,  20.82827,   0.06790,   0.09470,   0.25934,   0.97907,   0.00298
 219.00000,   2.00000,   1.38000,   0.03846,   4.00395,   0.32837,   7.30363,   0.23917,   0.33842,   0.24138,   0.95504,   0.02627
 220.00000,   2.00000,   2.74000,   0.00564, 985.69141,   7.81651,   1.24966,   0.07387,   0.77892,   0.38351,   0.98710,   0.00576
 221.00000,   2.00000,   1.42000,   0.02067,  27.02599,   0.80889,   5.94186,   0.09263,   0.30423,   0.31929,   0.93040,   0.03353
 222.00000,   2.00000,   1.51000,   0.01091,  10.49598,   0.38829,  11.14146,   0.11294,   0.18051,   0.38499,   0.90332,   0.01017
 223.00000,   2.00000,   1.32000,   0.01361,  18.68611,   0.68705,   6.73772,   0.10706,   0.31744,   0.35369,   0.99084,   0.00550
 224.00000,   2.00000,   3.33000,   0.00206, 647.78528,   5.70838,   1.32531,   0.08523,   0.63213,   0.47972,   0.97393,   0.00724
 225.00000,   2.00000,   1.49000,   0.01172,  23.48526,   0.58532,  10.18467,   0.07503,   0.18331,   0.35699,   0.98587,   0.01204
 226.00000,   2.00000,   2.56000,   0.00129, 751.64935,   6.57045,   1.29667,   0.06787,   0.72175,   0.42293,   0.89429,   0.01519
 227.00000,   2.00000,   1.85000,   0.00467,  89.33231,   1.72072,   2.95893,   0.08281,   0.41651,   0.39469,   0.96065,   0.02952
 228.00000,   2.00000,   2.50000,   0.02357,  30.39240,   0.96343,   3.40586,   0.17947,   0.38378,   0.27269,   0.96495,   0.01138
 229.00000,   2.00000,   2.30000,   0.02284, 139.10838,   2.60564,   1.25363,   0.12679,   0.61332,   0.36623,   0.67165,   0.10501
 230.00000,   2.00000,   2.08000,   0.01453,  17.41073,   0.33879,  25.26703,   0.08150,   0.08284,   0.37775,   0.91475,   0.01276
 231.00000,   2.00000,   1.42000,   0.05882,   6.48463,   0.57840,   1.39159,   0.35678,   0.64830,   0.32618,   0.75491,   0.07902
 232.00000,   2.00000,   1.97000,   0.00743, 138.20512,   2.21590,   2.79351,   0.07624,   0.44646,   0.43203,   0.95162,   0.00884
 233.00000,   2.00000,   2.48000,   0.01210, 145.16951,   2.63496,   2.75577,   0.10935,   0.60101,   0.33400,   0.92583,   0.00720
 234.00000,   2.00000,   2.64000,   0.00355, 770.63812,   6.65814,   1.77218,   0.05821,   0.72288,   0.43383,   0.77719,   0.12276
 235.00000,   2.00000,   2.90000,   0.01025, 110.72543,   2.04827,   2.74684,   0.12093,   0.47614,   0.37730,   0.91292,   0.03807
 236.00000,   2.00000,   2.46000,   0.02167,  14.84627,   0.43972,   7.87613,   0.14873,   0.16366,   0.30358,   0.96524,   0.00974
 237.00000,   2.00000,   1.85000,   0.02703,  12.91195,   0.82212,   1.17607,   0.35508,   0.65779,   0.35868,   0.73784,   0.04635
 238.00000,   2.00000,   1.47000,   0.03101,   3.83930,   0.27266,  10.02927,   0.21554,   0.24334,   0.27699,   0.96530,   0.00787
 239.00000,   2.00000,   1.46000,   0.02888,  30.40672,   1.03502,   2.61111,   0.11948,   0.44273,   0.34451,   0.96053,   0.00858
 240.00000,   2.00000,   2.15000,   0.01838,  54.10516,   0.92328,   8.33725,   0.07630,   0.19799,   0.28843,   0.93319,   0.01114
 241.00000,   2.00000,   2.21000,   0.03797,  28.20844,   0.97845,   3.46004,   0.17596,   0.42649,   0.32968,   0.96651,   0.02326
 242.00000,   2.00000,   1.78000,   0.03378,  10.27328,   0.45431,   1.65338,   0.18658,   0.25246,   0.44628,   0.97061,   0.00841
 243.00000,   2.00000,   1.44000,   0.06250,   3.65116,   0.29595,   6.56664,   0.24365,   0.30146,   0.32266,   0.95593,   0.00975
 244.00000,   2.00000,   2.48000,   0.01065,  28.06772,   0.43663,  27.49555,   0.07843,   0.08536,   0.48644,   0.97937,   0.00805
 245.00000,   2.00000,   2.79000,   0.00676, 386.32404,   4.83828,   1.16292,   0.11463,   0.76145,   0.39804,   0.92766,   0.02101
 246.00000,   2.00000,   2.95000,   0.00295, 349.94092,   4.32290,   1.16549,   0.11200,   0.67107,   0.49621,   0.62236,   0.09836
 247.00000,   2.00000,   3.33000,   0.00151,2854.74097,   8.14147,   7.92644,   0.02020,   0.29178,   0.58507,   0.96420,   0.00950
 248.00000,   2.00000,   3.48000,   0.00171,1536.53052,   9.04036,   1.11051,   0.06086,   0.66841,   0.58668,   0.81527,   0.13367
 249.00000,   2.00000,   2.16000,   0.00327,  51.84994,   1.12996,   5.29973,   0.10014,   0.30945,   0.44341,   0.68248,   0.03146
 250.00000,   2.00000,   0.87000,   0.01688,  78.56157,   1.88688,   1.30075,   0.06286,   0.56949,   0.12331,   0.89751,   0.00104
 251.00000,   2.00000,   2.81000,   0.00272, 633.66119,   6.13176,   1.79002,   0.08240,   0.74563,   0.28656,   0.82778,   0.06065
 252.00000,   2.00000,   3.13000,   0.00265,1212.65186,   8.19419,   1.84798,   0.05150,   0.69580,   0.42660,   0.90969,   0.00766
 253.00000,   2.00000,   2.51000,   0.02115,  13.05749,   0.42232,   1.46969,   0.19905,   0.17165,   0.42944,   0.55005,   0.05277
 254.00000,   2.00000,   1.78000,   0.02198,   7.37954,   0.35637,   2.13720,   0.19369,   0.21626,   0.27015,   0.98054,   0.01162
 255.00000,   2.00000,   1.21000,   0.03756,  10.70221,   0.43217,   1.24314,   0.12723,   0.21930,   0.22672,   0.97832,   0.01345
 256.00000,   2.00000,   1.69000,   0.00787, 145.70134,   2.24859,   2.42182,   0.06344,   0.43608,   0.41847,   0.93881,   0.00595
 257.00000,   2.00000,   2.66000,   0.00447, 511.30219,   4.81660,   1.10056,   0.07943,   0.57018,   0.41901,   0.76324,   0.07000
 258.00000,   2.00000,   2.08000,   0.00661,  14.87010,   0.31587,  25.34719,   0.08919,   0.08432,   0.61672,   0.63510,   0.01385
 259.00000,   2.00000,   1.85000,   0.00738,  10.47180,   0.27691,  23.27139,   0.09814,   0.09201,   0.31594,   0.90433,   0.01487
 260.00000,   2.00000,   1.54000,   0.01465,  56.09475,   1.22136,   4.31339,   0.07361,   0.33417,   0.37198,   0.81605,   0.01717
 261.00000,   2.00000,   2.61000,   0.00116, 778.46948,   6.14469,   1.72194,   0.05417,   0.60949,   0.39597,   0.20215,   0.23496
 262.00000,   2.00000,   2.55000,   0.01923,  29.69667,   0.86973,   4.68373,   0.16399,   0.32009,   0.43792,   0.82305,   0.09226
 263.00000,   2.00000,   1.72000,   0.01630,  10.63810,   0.55334,   3.17711,   0.19977,   0.36169,   0.28246,   0.94574,   0.01480
 264.00000,   2.00000,   2.25000,   0.00531,  22.49313,   0.54471,   4.14736,   0.11421,   0.16576,   0.35808,   0.91878,   0.00770
 265.00000,   2.00000,   1.81000,   0.00507, 330.59219,   3.08024,   4.71428,   0.03657,   0.36065,   0.25449,   0.98415,   0.00185
 266.00000,   2.00000,   2.32000,   0.00111, 624.81567,   5.57691,   1.03747,   0.06495,   0.62553,   0.36074,   0.97639,   0.00730
 267.00000,   2.00000,   2.77000,   0.00612,  92.40558,   1.91239,   1.46851,   0.15838,   0.49735,   0.28503,   0.81891,   0.03170
 268.00000,   2.00000,   1.47000,   0.03409,   5.46819,   0.31535,  10.37030,   0.17500,   0.22854,   0.27739,   0.96084,   0.01130
 269.00000,   2.00000,   2.49000,   0.02488,   9.63763,   0.60051,   2.81452,   0.35673,   0.47020,   0.39641,   0.76785,   0.16904
 270.00000,   2.00000,   2.09000,   0.01690,  45.93197,   1.05847,   2.08380,   0.11359,   0.30652,   0.27235,   0.97022,   0.00735
 271.00000,   2.00000,   1.54000,   0.01067,  16.60753,   0.56122,  10.47757,   0.10969,   0.23832,   0.33796,   0.84790,   0.01892
 272.00000,   2.00000,   1.42000,   0.03318,  15.53287,   0.92643,   1.26856,   0.24441,   0.69437,   0.24818,   0.46275,   0.03071
 273.00000,   2.00000,   2.51000,   0.00177, 101.76958,   1.92701,   2.99119,   0.10555,   0.45852,   0.33998,   0.98978,   0.00240
 274.00000,   2.00000,   1.50000,   0.02273,   8.93452,   0.27705,   1.83094,   0.10653,   0.10796,   0.30608,   0.99231,   0.00165
 275.00000,   2.00000,   2.90000,   0.00829, 143.05705,   2.51149,   1.14485,   0.16093,   0.55407,   0.47055,   0.89770,   0.01624
 276.00000,   2.00000,   1.40000,   0.02692,  22.33552,   0.70559,   5.47385,   0.09543,   0.28010,   0.23657,   0.91623,   0.03805
 277.00000,   2.00000,   2.64000,   0.01918,  19.85199,   0.59623,   8.59471,   0.16167,   0.22502,   0.42272,   0.95315,   0.01367
 278.00000,   2.00000,   3.08000,   0.00605,  87.11785,   1.43495,   1.27522,   0.13242,   0.29702,   0.46301,   0.97833,   0.00329
 279.00000,   2.00000,   2.15000,   0.01290, 106.37486,   2.33816,   1.06191,   0.14746,   0.64583,   0.30817,   0.97678,   0.00478
 280.00000,   2.00000,   1.21000,   0.02555,  33.94061,   1.27855,   1.05297,   0.14847,   0.60523,   0.27143,   0.68611,   0.04478
 281.00000,   2.00000,   3.24000,   0.01308,  28.78128,   0.49261,  17.10117,   0.11277,   0.10595,   0.59532,   0.92579,   0.00582
 282.00000,   2.00000,   1.57000,   0.03089,  37.61879,   1.09252,   1.25841,   0.11985,   0.39872,   0.28020,   0.83327,   0.03067
 283.00000,   2.00000,   1.65000,   0.03419,  10.16894,   0.35955,   3.97057,   0.12222,   0.15975,   0.24190,   0.96805,   0.01165
 284.00000,   2.00000,   2.58000,   0.00220, 307.30862,   3.94123,   1.34743,   0.09641,   0.63518,   0.49055,   0.75609,   0.01108
 285.00000,   2.00000,   2.83000,   0.00447, 402.74103,   4.71836,   1.29199,   0.08996,   0.69465,   0.42061,   0.55543,   0.03324
 286.00000,   2.00000,   4.18000,   0.00388, 923.91357,   7.04736,   2.32623,   0.08909,   0.67551,   0.47683,   0.25676,   0.22183
 287.00000,   2.00000,   2.11000,   0.05333,  12.82781,   0.60790,   3.51878,   0.22543,   0.36201,   0.36256,   0.73644,   0.10432
 288.00000,   2.00000,   3.81000,   0.00258,1066.46216,   6.49829,   3.86467,   0.05358,   0.49758,   0.55639,   0.94474,   0.00890
 289.00000,   2.00000,   2.86000,   0.00184,1847.14307,   9.81968,   1.12480,   0.04457,   0.65600,   0.36136,   0.88544,   0.01021
 290.00000,   2.00000,   1.59000,   0.01235,  34.37305,   0.52592,  22.58026,   0.04924,   0.10112,   0.26405,   0.82560,   0.11279
 291.00000,   2.00000,   1.94000,   0.01087,  23.90675,   0.35433,  30.75212,   0.05788,   0.06599,   0.60827,   0.67751,   0.01689
 292.00000,   2.00000,   1.45000,   0.02469,   4.04239,   0.25615,  10.67115,   0.18614,   0.20396,   0.36186,   0.89203,   0.00949
 293.00000,   2.00000,   1.49000,   0.02449,  32.02524,   1.05703,   2.67372,   0.11807,   0.43842,   0.30374,   0.98132,   0.00301
 294.00000,   2.00000,   1.81000,   0.01806,  81.36749,   2.09241,   1.17399,   0.13827,   0.67617,   0.34820,   0.04341,   0.08187
 295.00000,   2.00000,   2.62000,   0.00975, 131.13577,   1.06195,  19.22054,   0.04355,   0.10807,   0.47408,   0.99013,   0.00074
 296.00000,   2.00000,   2.56000,   0.01209,  37.08084,   0.58291,  20.88571,   0.08226,   0.11515,   0.38320,   0.87152,   0.01461
 297.00000,   2.00000,   2.48000,   0.00820,  15.98429,   0.40019,  20.27081,   0.12744,   0.12591,   0.39427,   0.91169,   0.00686
 298.00000,   2.00000,   1.42000,   0.00909,  29.31763,   0.96969,   3.42635,   0.10709,   0.40304,   0.31212,   0.78202,   0.02660
 299.00000,   2.00000,   1.59000,   0.01176,  24.94483,   0.91762,   3.02343,   0.13695,   0.42419,   0.23878,   0.86757,   0.00688
 300.00000,   3.00000,  10.82000,   0.04819,  21.49934,   0.96482,   2.08590,   1.14255,   0.54409,   2.65665,   0.90779,   0.01361
 301.00000,   3.00000,  12.57000,   0.09239,   5.74676,   0.60902,   1.54183,   3.59142,   0.81106,   3.47150,   0.43572,   0.36495
 302.00000,   3.00000,  11.12000,   0.07965,   7.66153,   0.68188,   1.04281,   3.26098,   0.76263,   2.42168,   0.51758,   0.10266
 303.00000,   3.00000,  10.50000,   0.12791,  12.88838,   0.79773,   1.97022,   1.58610,   0.62048,   3.37316,   0.73429,   0.15040
 304.00000,   3.00000,   4.44000,   0.01235,  12.41048,   0.83237,   1.27358,   0.82222,   0.70155,   1.35037,   0.70596,   0.06284
 305.00000,   3.00000,   7.06000,   0.20388,   5.28206,   0.55651,   1.41999,   1.98873,   0.73682,   2.65620,   0.82741,   0.01360
 306.00000,   3.00000,  10.46000,   0.07161,  31.05059,   1.35735,   1.19014,   1.23787,   0.74563,   2.53885,   0.69218,   0.15317
 307.00000,   3.00000,   6.94000,   0.00775,  28.28344,   0.85361,   2.65106,   0.47083,   0.32374,   2.47127,   0.76050,   0.03657
 308.00000,   3.00000,   4.52000,   0.00862,  12.35908,   0.55680,   7.17115,   0.43171,   0.31522,   1.13735,   0.96865,   0.01322
 309.00000,   3.00000,   6.75000,   0.01529,   7.88133,   0.59940,   3.54773,   1.21185,   0.57285,   2.07996,   0.65688,   0.26191
 310.00000,   3.00000,   8.55000,   0.02217,  13.89855,   0.59434,   6.76216,   0.77096,   0.31938,   1.53637,   0.42078,   0.05465
 311.00000,   3.00000,   8.60000,   0.08000,   4.55991,   0.33306,   7.73804,   1.32307,   0.30571,   2.09042,   0.75389,   0.00710
 312.00000,   3.00000,  11.23000,   0.23016,   9.12748,   0.68274,   1.35843,   2.49002,   0.64176,   3.88829,   0.86797,   0.04348
 313.00000,   3.00000,   5.94000,   0.02967,  19.56774,   0.77630,   4.87654,   0.50127,   0.38701,   1.24688,   0.95602,   0.01051
 314.00000,   3.00000,  10.92000,   0.08491,   1.31511,   0.29994,   1.25597,   6.95547,   0.85963,   2.63720,   0.98297,   0.01450
 315.00000,   3.00000,   9.80000,   0.13393,   0.89157,   0.24912,   1.21426,   8.23523,   0.87472,   3.13518,   0.98930,   0.00741
 316.00000,   3.00000,  12.56000,   0.09150,  20.44448,   0.82950,   3.67086,   1.08276,   0.42292,   3.30978,   0.73739,   0.01481
 317.00000,   3.00000,  10.29000,   0.04484,  18.66195,   0.82147,   3.04807,   1.08202,   0.45440,   1.51032,   0.60421,   0.03440
 318.00000,   3.00000,  11.23000,   0.19394,   4.19463,   0.28807,   6.19461,   1.60428,   0.24861,   3.06271,   0.65794,   0.00789
 319.00000,   3.00000,   8.86000,   0.10497,  65.30755,   0.83698,  12.59940,   0.22906,   0.13480,   2.25695,   0.55827,   0.05411
 320.00000,   3.00000,  11.96000,   0.06040,   2.34860,   0.39596,   1.43706,   5.51154,   0.83891,   3.23648,   0.93618,   0.01501
 321.00000,   3.00000,   8.70000,   0.03731,  12.72483,   0.55190,   6.46462,   0.79163,   0.30080,   1.64447,   0.54691,   0.00893
 322.00000,   3.00000,  10.18000,   0.14211,  10.98156,   0.85600,   1.20789,   2.21786,   0.83847,   3.03003,   0.33768,   0.43345
 323.00000,   3.00000,   9.32000,   0.19802,   8.25370,   0.69152,   1.17415,   2.22966,   0.72806,   2.53466,   0.86073,   0.04495
 324.00000,   3.00000,  13.32000,   0.14433,   3.05195,   0.39174,   2.76069,   4.12381,   0.63188,   3.46433,   0.48457,   0.06025
 325.00000,   3.00000,  11.11000,   0.09630,  12.48243,   0.68243,   2.75918,   1.34667,   0.46885,   2.75886,   0.94647,   0.02653
 326.00000,   3.00000,   8.14000,   0.14615,  15.97723,   0.88933,   1.42766,   1.21311,   0.62206,   2.38450,   0.87078,   0.10888
 327.00000,   3.00000,  12.74000,   0.07534,  23.65915,   1.01670,   2.42956,   1.21102,   0.54903,   3.49448,   0.41601,   0.04639
 328.00000,   3.00000,  11.16000,   0.19672,   5.25188,   0.53946,   1.56379,   2.93683,   0.69633,   2.64924,   0.65575,   0.04095
 329.00000,   3.00000,  12.50000,   0.02105,   4.43152,   0.51177,   1.65549,   3.61272,   0.74270,   3.58717,   0.81040,   0.01608
 330.00000,   3.00000,  13.00000,   0.04419,  26.47460,   0.96415,   2.92642,   1.02121,   0.44123,   3.29956,   0.45095,   0.04261
 331.00000,   3.00000,  10.69000,   0.30769,   1.24115,   0.29268,   1.19164,   7.47547,   0.86728,   3.02901,   0.98063,   0.01299
 332.00000,   3.00000,  11.62000,   0.06912,   8.58136,   0.55170,   2.83264,   1.67435,   0.44572,   3.35153,   0.68225,   0.01235
 333.00000,   3.00000,  10.89000,   0.05650,  37.25322,   1.15116,   4.01669,   0.75311,   0.44701,   2.82155,   0.95434,   0.03491
 334.00000,   3.00000,  11.25000,   0.14179,   5.55895,   0.51723,   2.26499,   2.48344,   0.60476,   3.27514,   0.83757,   0.02682
 335.00000,   3.00000,   8.71000,   0.06557,  27.73966,   1.04137,   2.78846,   0.75086,   0.49127,   1.61269,   0.68057,   0.05510
 336.00000,   3.00000,  12.38000,   0.07018,   1.33685,   0.23435,   2.60635,   5.05305,   0.51623,   3.94294,   0.98697,   0.00388
 337.00000,   3.00000,  11.82000,   0.09756,   2.13867,   0.36619,   1.47742,   5.16155,   0.78793,   3.51448,   0.94440,   0.01707
 338.00000,   3.00000,  12.57000,   0.05983,  11.75501,   0.81995,   1.32542,   2.25268,   0.71872,   3.72646,   0.92644,   0.03706
 339.00000,   3.00000,   9.95000,   0.08125,  38.51441,   0.86510,   3.79457,   0.47246,   0.24419,   2.60300,   0.60899,   0.07888
 340.00000,   3.00000,   8.34000,   0.16102,   1.93896,   0.35884,   1.48436,   4.38947,   0.83452,   2.69015,   0.89647,   0.03721
 341.00000,   3.00000,  12.65000,   0.13918,   2.60136,   0.38590,   1.88665,   4.46997,   0.71938,   3.49976,   0.78109,   0.03948
 342.00000,   3.00000,  11.93000,   0.10769,   7.01416,   0.69309,   1.00943,   3.71651,   0.86062,   3.51617,   0.90856,   0.04907
 343.00000,   3.00000,   8.98000,   0.09714,   4.95796,   0.42237,   4.22824,   1.67225,   0.45217,   2.27978,   0.64479,   0.01419
 344.00000,   3.00000,  10.76000,   0.10135,   3.57770,   0.36923,   3.57597,   2.40715,   0.47884,   2.61067,   0.71908,   0.02710
 345.00000,   3.00000,  12.53000,   0.01515,  28.05180,   1.10203,   2.79419,   1.08579,   0.54405,   3.17276,   0.26034,   0.07403
 346.00000,   3.00000,  12.43000,   0.10303,   9.13310,   0.55132,   3.57797,   1.59359,   0.41821,   3.58026,   0.40530,   0.19131
 347.00000,   3.00000,   8.76000,   0.04062,  13.85153,   0.55254,   7.54084,   0.73061,   0.27698,   1.67662,   0.57842,   0.01323
 348.00000,   3.00000,  10.72000,   0.11667,   1.24483,   0.19961,   4.55383,   3.62160,   0.40221,   3.13178,   0.95040,   0.00329
 349.00000,   3.00000,   3.23000,   0.08527,   2.25083,   0.33636,   2.57519,   1.10996,   0.63166,   1.11161,   0.39594,   0.05191
 350.00000,   3.00000,   7.85000,   0.08871,   4.49370,   0.32988,   7.46515,   1.22274,   0.30432,   1.73705,   0.70238,   0.00717
 351.00000,   3.00000,  10.59000,   0.02284,  15.09145,   0.55250,   9.93123,   0.81399,   0.25419,   2.00783,   0.70661,   0.00540
 352.00000,   3.00000,  12.60000,   0.03900,  19.78627,   0.80751,   4.98266,   1.09470,   0.41413,   3.15080,   0.71273,   0.01684
 353.00000,   3.00000,  12.48000,   0.07759,   2.91036,   0.41377,   2.11537,   4.53817,   0.73924,   2.93909,   0.59518,   0.06067
 354.00000,   3.00000,   4.60000,   0.01724,  12.91467,   0.59085,   6.47098,   0.45862,   0.33969,   1.20883,   0.98873,   0.00093
 355.00000,   3.00000,  12.81000,   0.06158,  16.70786,   0.68777,   5.28957,   1.09581,   0.35577,   3.24388,   0.59615,   0.03147
 356.00000,   3.00000,  10.37000,   0.12162,  19.50643,   0.98881,   2.00953,   1.22867,   0.62989,   3.09347,   0.89395,   0.08080
 357.00000,   3.00000,  10.81000,   0.17094,   0.96010,   0.26453,   1.06835,   8.64793,   0.91588,   3.29811,   0.98670,   0.01050
 358.00000,   3.00000,  12.91000,   0.09091,   4.15161,   0.52760,   1.44760,   4.24673,   0.84256,   3.27945,   0.30821,   0.05975
 359.00000,   3.00000,  10.43000,   0.05247,  16.90011,   1.01337,   1.10782,   1.99045,   0.76359,   2.60209,   0.57309,   0.23889
 360.00000,   3.00000,  10.88000,   0.03791,  24.11346,   0.98259,   2.64538,   0.97230,   0.50315,   2.98247,   0.90782,   0.06756
 361.00000,   3.00000,   6.59000,   0.01216,  20.85085,   1.05329,   1.90547,   0.86031,   0.66862,   1.51018,   0.28409,   0.40619
 362.00000,   3.00000,  12.43000,   0.04633,  33.61299,   0.88821,   6.08550,   0.67189,   0.29494,   2.57747,   0.42156,   0.07417
 363.00000,   3.00000,  11.71000,   0.19492,   5.27718,   0.52850,   1.61718,   2.82851,   0.66511,   3.97984,   0.97875,   0.00808
 364.00000,   3.00000,   8.48000,   0.03160,  17.85618,   0.61038,   8.56866,   0.61853,   0.26219,   1.22675,   0.65484,   0.01335
 365.00000,   3.00000,  12.78000,   0.01299,   3.45995,   0.47349,   1.09877,   4.78647,   0.81426,   4.16132,   0.92595,   0.02497
 366.00000,   3.00000,   8.34000,   0.07258,   5.18186,   0.37829,   6.09622,   1.31546,   0.34704,   1.96458,   0.75458,   0.00749
 367.00000,   3.00000,   4.43000,   0.04950,   3.53321,   0.41048,   3.38789,   1.12722,   0.59926,   1.38222,   0.77464,   0.14448
 368.00000,   3.00000,  12.40000,   0.06593,  22.31072,   0.97900,   2.29025,   1.22772,   0.53983,   3.25574,   0.84670,   0.11703
 369.00000,   3.00000,  10.73000,   0.15672,   1.80180,   0.33179,   1.72799,   4.96756,   0.76776,   3.06855,   0.80934,   0.04590
 370.00000,   3.00000,  12.55000,   0.11628,  11.72023,   0.88468,   1.03917,   2.78269,   0.83916,   3.49506,   0.67308,   0.18661
 371.00000,   3.00000,  15.05000,   0.07748,  32.00183,   0.90015,   5.04969,   0.87145,   0.31817,   3.56130,   0.49722,   0.35575
 372.00000,   3.00000,  16.01000,   0.06122,   8.87296,   0.70843,   1.62228,   3.05534,   0.71079,   4.85335,   0.74475,   0.14723
 373.00000,   3.00000,  15.68000,   0.07143,   6.02071,   0.61452,   1.10933,   4.54490,   0.78821,   4.77703,   0.04947,   0.84094
 374.00000,   3.00000,   5.28000,   0.12230,   6.42568,   0.44423,   4.42852,   0.77419,   0.38593,   1.76460,   0.87048,   0.02649
 375.00000,   3.00000,  12.57000,   0.10695,  12.68597,   0.92628,   1.10305,   2.66877,   0.84990,   3.41052,   0.44358,   0.26414
 376.00000,   3.00000,  13.87000,   0.09317,  20.40446,   0.86167,   1.18043,   1.61844,   0.45726,   4.47708,   0.59974,   0.04186
 377.00000,   3.00000,  20.25000,   0.11475,   6.48375,   0.62757,   1.36634,   4.89128,   0.76332,   6.36137,   0.44431,   0.44698
 378.00000,   3.00000,  11.48000,   0.12775,   6.50806,   0.65348,   1.00996,   3.77630,   0.82457,   3.35455,   0.65844,   0.23276
 379.00000,   3.00000,   2.15000,   0.01923,   7.95718,   0.66445,   1.89854,   0.41031,   0.69722,   0.76856,   0.60415,   0.20287
 380.00000,   3.00000,  12.87000,   0.13918,   7.16571,   0.68468,   1.15596,   3.40475,   0.82211,   3.64605,   0.68974,   0.21407
 381.00000,   3.00000,  13.25000,   0.02312,   8.20783,   0.70580,   1.03116,   3.33752,   0.76269,   3.96991,   0.46241,   0.47428
 382.00000,   3.00000,  10.85000,   0.03448,  26.11848,   0.96192,   3.04841,   0.86179,   0.44518,   3.23275,   0.80832,   0.10663
 383.00000,   3.00000,  15.03000,   0.16667,   6.82126,   0.66314,   1.37036,   3.69287,   0.81013,   4.40685,   0.38943,   0.24675
 384.00000,   3.00000,  17.61000,   0.08333,  10.87029,   0.84979,   1.09242,   3.81994,   0.83483,   4.85577,   0.58504,   0.24079
 385.00000,   3.00000,  13.75000,   0.08811,  11.95203,   0.87692,   1.06622,   2.84678,   0.80852,   3.52086,   0.43526,   0.41525
 386.00000,   3.00000,  12.88000,   0.18421,   7.03686,   0.67942,   1.29640,   3.23619,   0.82434,   3.58740,   0.46472,   0.22136
 387.00000,   3.00000,  20.68000,   0.04245,  12.04858,   0.84920,   1.00208,   4.29044,   0.75214,   6.41269,   0.48733,   0.43634
 388.00000,   3.00000,  12.17000,   0.11043,   9.85497,   0.74740,   1.16506,   2.49897,   0.71229,   3.59601,   0.41361,   0.47246
 389.00000,   3.00000,  12.69000,   0.05752,  11.45202,   0.86894,   1.28643,   2.47851,   0.82854,   3.53047,   0.72714,   0.24339
 390.00000,   3.00000,  13.04000,   0.15421,   9.27687,   0.80553,   1.01809,   3.30963,   0.87897,   3.39709,   0.70608,   0.19316
 391.00000,   3.00000,  11.52000,   0.05820,  47.26087,   1.59008,   1.62365,   0.95364,   0.67228,   2.79131,   0.49527,   0.19618
 392.00000,   3.00000,  15.17000,   0.12644,   4.68965,   0.54049,   1.27412,   4.59697,   0.78279,   4.04430,   0.51692,   0.18862
 393.00000,   3.00000,   4.96000,   0.10714,   8.60983,   0.72464,   1.60776,   1.09011,   0.76640,   0.86543,   0.29687,   0.30835
 394.00000,   3.00000,  11.05000,   0.06667,   9.43796,   0.71643,   1.07092,   2.43929,   0.68340,   2.97373,   0.45533,   0.24460
 395.00000,   3.00000,  13.63000,   0.02649,   7.41888,   0.66314,   1.71160,   2.98250,   0.74488,   4.24102,   0.85893,   0.06659
 396.00000,   3.00000,   3.44000,   0.03636,   2.06880,   0.34302,   2.42573,   1.40408,   0.71471,   1.21221,   0.57829,   0.04252
 397.00000,   3.00000,   8.32000,   0.23423,  10.94899,   0.73219,   2.96111,   1.36393,   0.61530,   2.53032,   0.59104,   0.08112
 398.00000,   3.00000,  15.07000,   0.04321,  27.39697,   1.12680,   1.21108,   1.64161,   0.58238,   4.01619,   0.43964,   0.46681
 399.00000,   3.00000,  10.44000,   0.04977,  19.62891,   1.02457,   1.18512,   1.59877,   0.67204,   3.26871,   0.89576,   0.02210
 400.00000,   4.00000,   8.18000,   0.02088,   4.82895,   0.60393,   1.04858,   3.15829,   0.94915,   2.26437,   0.56587,   0.29735
 401.00000,   4.00000,   7.12000,   0.01161,  52.18308,   1.95940,   1.07524,   0.80361,   0.92454,   1.23902,   0.46244,   0.47877
 402.00000,   4.00000,   4.28000,   0.05618,   4.84251,   0.59612,   1.22688,   1.46575,   0.92216,   0.83931,   0.24105,   0.55219
 403.00000,   4.00000,   5.41000,   0.02048,  13.73674,   1.00375,   1.22025,   1.12240,   0.92168,   1.24160,   0.32208,   0.22929
 404.00000,   4.00000,  11.18000,   0.00274,  87.33505,   2.49266,   1.03996,   0.95474,   0.89402,   1.65962,   0.58313,   0.35734
 405.00000,   4.00000,   4.21000,   0.01990,   9.07255,   0.79639,   1.32278,   1.00718,   0.87848,   0.95584,   0.24478,   0.34292
 406.00000,   4.00000,   5.94000,   0.01267,  19.14503,   1.18474,   1.03733,   1.12500,   0.92129,   0.87843,   0.33926,   0.37495
 407.00000,   4.00000,  17.83000,   0.00045, 113.85190,   2.73520,   1.09304,   1.31976,   0.82575,   4.65373,   0.68012,   0.21970
 408.00000,   4.00000,  10.13000,   0.00382,  39.79266,   1.73993,   1.10604,   1.34887,   0.95603,   2.52599,   0.34845,   0.21082
 409.00000,   4.00000,   8.35000,   0.00603,  34.02673,   1.61180,   1.08819,   1.20839,   0.95943,   1.69040,   0.58828,   0.38955
 410.00000,   4.00000,   5.55000,   0.00450,  65.28359,   2.15661,   1.08037,   0.58980,   0.89526,   0.85995,   0.35846,   0.35130
 411.00000,   4.00000,  11.99000,   0.00078, 114.02902,   2.96941,   1.07843,   0.94783,   0.97171,   2.19827,   0.45634,   0.30325
 412.00000,   4.00000,   4.61000,   0.03352,   8.25258,   0.76448,   1.05151,   1.32853,   0.88993,   1.09827,   0.42065,   0.49128
 413.00000,   4.00000,  12.21000,   0.01015,  37.63683,   1.66718,   1.20204,   1.47642,   0.92803,   2.57981,   0.35404,   0.48341
 414.00000,   4.00000,   4.68000,   0.00778,  23.16366,   1.33008,   1.09709,   0.82832,   0.95976,   0.87172,   0.41065,   0.41852
 415.00000,   4.00000,   6.18000,   0.01311,  17.26276,   1.14103,   1.13379,   1.23600,   0.94776,   1.29563,   0.48352,   0.17382
 416.00000,   4.00000,  15.84000,   0.00354,  80.86115,   2.46944,   1.08375,   1.45722,   0.94769,   2.94803,   0.60042,   0.27533
 417.00000,   4.00000,  12.08000,   0.00470,  48.03606,   1.86879,   1.01203,   1.43638,   0.91362,   2.19035,   0.20446,   0.66807
 418.00000,   4.00000,   5.64000,   0.03101,   3.13423,   0.41602,   2.15894,   1.73005,   0.69391,   1.68887,   0.91678,   0.07773
 419.00000,   4.00000,  12.15000,   0.01209,  47.64983,   1.87450,   1.10723,   1.41773,   0.92666,   1.69867,   0.23554,   0.44433
 420.00000,   4.00000,   7.52000,   0.01379,  21.26250,   1.23214,   1.19348,   1.28327,   0.89725,   1.04210,   0.12091,   0.43924
 421.00000,   4.00000,  12.78000,   0.00590,  58.40570,   2.11289,   1.02367,   1.40749,   0.96052,   2.36932,   0.10427,   0.21938
 422.00000,   4.00000,  10.79000,   0.00307,  73.99178,   2.34392,   1.09267,   1.06410,   0.93307,   1.87603,   0.63522,   0.19125
 423.00000,   4.00000,  13.39000,   0.00537,  43.25525,   1.78532,   1.12881,   1.64294,   0.92598,   2.45640,   0.15450,   0.40258
 424.00000,   4.00000,   5.32000,   0.02744,  11.72490,   0.94322,   1.04651,   1.31358,   0.95351,   1.00520,   0.22489,   0.50278
 425.00000,   4.00000,   5.19000,   0.02062,  12.77468,   0.98031,   1.01474,   1.25665,   0.94533,   0.84423,   0.69452,   0.18817
 426.00000,   4.00000,   5.48000,   0.06291,   5.38601,   0.61444,   1.25941,   1.82059,   0.88084,   1.11110,   0.67149,   0.28371
 427.00000,   4.00000,  10.35000,   0.00203,  66.86897,   2.04517,   1.39367,   0.94005,   0.78604,   1.98741,   0.43631,   0.30959
 428.00000,   4.00000,   2.68000,   0.01600,   5.11934,   0.61734,   1.02390,   1.04279,   0.93550,   0.67908,   0.42077,   0.44042
 429.00000,   4.00000,  10.47000,   0.00165, 133.01813,   3.11985,   1.23712,   0.69200,   0.91953,   1.51771,   0.68036,   0.12460
 430.00000,   4.00000,  15.31000,   0.00190,  63.41431,   2.20124,   1.01066,   1.61498,   0.96019,   2.74124,   0.34363,   0.24245
 431.00000,   4.00000,   6.03000,   0.01828,  10.25534,   0.84300,   1.37422,   1.34598,   0.87080,   1.27617,   0.17785,   0.34285
 432.00000,   4.00000,  19.26000,   0.00254,  71.55556,   2.08230,   1.89518,   1.43946,   0.76147,   4.49294,   0.59991,   0.17294
 433.00000,   4.00000,  13.48000,   0.00084,  41.70085,   1.78221,   1.16420,   1.71283,   0.95716,   3.55897,   0.42244,   0.17603
 434.00000,   4.00000,  10.67000,   0.01134,  38.10373,   1.68330,   1.01246,   1.45964,   0.93448,   2.30322,   0.06905,   0.56178
 435.00000,   4.00000,   8.70000,   0.01076,  39.50002,   1.72242,   1.05342,   1.13134,   0.94382,   1.52884,   0.78542,   0.12377
 436.00000,   4.00000,   7.21000,   0.00653,  38.64793,   1.70599,   1.08204,   0.94248,   0.94632,   0.97941,   0.39579,   0.18370
 437.00000,   4.00000,   9.31000,   0.00663,  55.68974,   1.99918,   1.06156,   1.01860,   0.90186,   1.38200,   0.62151,   0.25912
 438.00000,   4.00000,   3.81000,   0.01362,  10.48421,   0.87018,   1.10334,   0.96456,   0.90760,   1.01639,   0.65888,   0.23635
 439.00000,   4.00000,   9.39000,   0.00504,  51.78699,   1.97932,   1.05755,   1.06462,   0.95065,   1.60549,   0.47824,   0.31682
 440.00000,   4.00000,  14.57000,   0.00136,  91.40171,   2.62205,   1.05603,   1.31025,   0.94523,   3.55504,   0.26036,   0.38899
 441.00000,   4.00000,   9.83000,   0.00354,  83.48955,   2.45300,   1.09145,   0.89526,   0.90568,   1.38329,   0.54203,   0.39189
 442.00000,   4.00000,  16.19000,   0.00203,  80.65845,   2.25449,   1.95810,   1.11732,   0.79187,   2.81063,   0.62572,   0.31182
 443.00000,   4.00000,  13.80000,   0.00156, 153.46336,   3.39405,   1.07268,   0.89902,   0.94329,   2.12007,   0.46120,   0.27943
 444.00000,   4.00000,  23.24000,   0.00049, 101.43115,   2.67680,   1.16622,   1.78084,   0.88771,   6.61941,   0.39155,   0.23254
 445.00000,   4.00000,   4.78000,   0.03012,  11.98899,   0.93114,   1.36335,   1.05286,   0.90877,   0.85976,   0.26886,   0.44672
 446.00000,   4.00000,  10.77000,   0.00299,  77.44486,   2.42647,   1.10373,   1.01222,   0.95536,   1.86264,   0.22445,   0.39215
 447.00000,   4.00000,   3.97000,   0.02625,   6.73966,   0.70075,   1.22727,   1.13105,   0.91559,   0.96927,   0.24339,   0.61650
 448.00000,   4.00000,   6.07000,   0.00466,  20.29643,   1.23682,   1.02381,   1.17635,   0.94712,   1.16252,   0.39349,   0.31132
 449.00000,   4.00000,   8.68000,   0.00528,  62.62844,   2.17152,   1.12959,   0.88122,   0.94616,   1.55198,   0.47454,   0.29385
 450.00000,   4.00000,  15.53000,   0.00545,  58.89845,   2.09396,   1.08604,   1.66274,   0.93550,   2.11480,   0.49762,   0.32892
 451.00000,   4.00000,  15.55000,   0.00292,  87.06140,   2.56150,   1.05811,   1.37732,   0.94705,   3.23331,   0.56204,   0.31148
 452.00000,   4.00000,   4.79000,   0.01920,  13.08065,   0.99926,   1.09743,   1.11916,   0.95926,   1.15975,   0.35451,   0.29554
 453.00000,   4.00000,   9.88000,   0.00813,  65.08335,   2.12956,   1.35775,   0.88849,   0.87563,   1.72775,   0.38903,   0.35994
 454.00000,   4.00000,   3.89000,   0.04178,   7.72516,   0.75637,   1.04255,   1.13410,   0.93062,   0.90567,   0.07670,   0.82144
 455.00000,   4.00000,   5.39000,   0.02236,  10.58436,   0.88311,   1.18028,   1.28639,   0.92592,   1.09570,   0.45921,   0.28768
 456.00000,   4.00000,  10.75000,   0.00957,  21.31153,   1.27405,   1.04023,   1.97974,   0.95713,   2.31841,   0.07112,   0.57325
 457.00000,   4.00000,   2.62000,   0.02692,   7.04315,   0.65781,   1.41971,   0.67352,   0.77206,   0.63176,   0.58498,   0.28474
 458.00000,   4.00000,   4.34000,   0.01733,   9.85676,   0.86317,   1.06122,   1.19231,   0.94987,   0.93610,   0.42955,   0.36428
 459.00000,   4.00000,   4.39000,   0.01042,  21.40785,   1.27381,   1.04911,   0.82210,   0.95246,   0.98196,   0.06791,   0.24020
 460.00000,   4.00000,  14.06000,   0.00370,  48.60604,   1.90237,   1.05838,   1.65023,   0.93564,   2.82013,   0.23248,   0.45639
 461.00000,   4.00000,   5.27000,   0.02462,   9.53255,   0.84155,   1.03621,   1.41666,   0.93361,   1.17064,   0.36122,   0.21371
 462.00000,   4.00000,   4.83000,   0.03778,   9.76083,   0.85437,   1.04000,   1.32692,   0.93976,   0.95737,   0.29439,   0.47955
 463.00000,   4.00000,   5.34000,   0.02006,   9.85470,   0.86251,   1.02528,   1.46301,   0.94864,   1.13313,   0.50386,   0.46394
 464.00000,   4.00000,  17.05000,   0.00150,  99.28565,   2.72960,   1.10009,   1.34889,   0.94302,   3.47700,   0.24139,   0.48026
 465.00000,   4.00000,   7.69000,   0.00737,  16.36899,   1.04041,   1.71303,   1.30118,   0.83099,   1.74112,   0.19871,   0.44527
 466.00000,   4.00000,  10.49000,   0.00981,  43.17815,   1.81023,   1.13161,   1.32617,   0.95371,   1.82524,   0.50905,   0.21879
 467.00000,   4.00000,  13.36000,   0.00802,  47.69361,   1.88683,   1.13978,   1.57547,   0.93803,   2.94851,   0.09256,   0.70621
 468.00000,   4.00000,   5.44000,   0.01923,   9.79159,   0.82000,   1.04053,   1.41298,   0.86295,   1.22977,   0.02434,   0.45736
 469.00000,   4.00000,   8.45000,   0.00043,  86.62818,   2.55434,   1.00451,   0.75921,   0.94648,   1.73575,   0.54509,   0.21896
 470.00000,   4.00000,  13.67000,   0.00356, 138.29095,   3.15711,   1.06825,   0.94931,   0.90573,   2.40277,   0.23170,   0.24208
 471.00000,   4.00000,  14.60000,   0.00196,  60.47213,   2.14101,   1.11240,   1.52083,   0.95256,   2.96481,   0.46539,   0.41260
 472.00000,   4.00000,   5.76000,   0.00687,  44.23292,   1.82446,   1.00250,   0.71820,   0.94565,   0.74076,   0.24788,   0.16212
 473.00000,   4.00000,   5.81000,   0.01517,  15.60874,   1.10055,   1.00875,   1.26030,   0.97512,   1.20848,   0.51093,   0.46210
 474.00000,   4.00000,  12.85000,   0.00208,  63.17095,   2.17373,   1.10694,   1.32065,   0.93995,   2.75553,   0.44915,   0.34014
 475.00000,   4.00000,   8.46000,   0.00612,  60.41482,   2.10500,   1.11511,   0.88217,   0.92166,   1.39239,   0.48742,   0.36549
 476.00000,   4.00000,  10.58000,   0.00826,  51.31833,   1.95711,   1.11677,   1.17686,   0.93792,   1.95876,   0.38808,   0.57078
 477.00000,   4.00000,   8.43000,   0.00570,  45.30144,   1.83593,   1.00755,   1.05243,   0.93500,   1.53124,   0.51799,   0.29942
 478.00000,   4.00000,   6.23000,   0.00732,  41.39786,   1.76323,   1.08345,   0.84189,   0.94374,   0.92409,   0.45949,   0.16026
 479.00000,   4.00000,   9.43000,   0.01540,  18.92443,   1.01280,   2.38994,   1.24079,   0.68114,   2.22979,   0.40562,   0.11417
 480.00000,   4.00000,   6.19000,   0.02485,  24.34422,   1.34392,   1.16195,   1.00324,   0.93231,   1.19556,   0.35592,   0.51327
 481.00000,   4.00000,  16.82000,   0.00264,  97.80697,   2.70976,   1.25806,   1.30691,   0.94341,   3.82987,   0.55746,   0.26757
 482.00000,   4.00000,  15.33000,   0.00066, 104.98669,   2.78773,   1.00163,   1.24634,   0.93020,   3.22499,   0.24874,   0.48281
 483.00000,   4.00000,   5.97000,   0.00319,  41.97054,   1.80447,   1.08380,   0.76933,   0.97492,   0.81727,   0.44576,   0.28630
 484.00000,   4.00000,   9.56000,   0.00372,  61.91587,   2.17175,   1.09335,   1.02028,   0.95725,   2.00962,   0.03779,   0.46580
 485.00000,   4.00000,   6.25000,   0.01410,  11.77146,   0.93381,   1.03267,   1.52067,   0.93088,   1.27617,   0.06872,   0.33439
 486.00000,   4.00000,  11.77000,   0.00251,  71.64785,   2.28425,   1.20513,   1.13830,   0.91516,   2.65819,   0.47766,   0.41245
 487.00000,   4.00000,   5.55000,   0.06803,   2.56425,   0.43149,   1.38063,   2.59345,   0.91243,   1.26303,   0.55243,   0.28765
 488.00000,   4.00000,  14.14000,   0.00310, 136.42377,   3.23302,   1.08480,   0.99578,   0.96280,   2.64934,   0.62234,   0.20185
 489.00000,   4.00000,   5.87000,   0.00445,  54.59575,   2.03219,   1.01152,   0.66856,   0.95056,   1.32726,   0.35187,   0.10041
 490.00000,   4.00000,   4.42000,   0.02988,  12.31311,   0.92402,   1.23393,   0.92083,   0.87138,   0.92035,   0.26014,   0.42511
 491.00000,   4.00000,  16.15000,   0.00073,  76.27849,   2.41713,   1.04480,   1.57408,   0.96252,   3.89264,   0.14205,   0.56400
 492.00000,   4.00000,   9.55000,   0.00495,  58.10167,   2.05419,   1.00223,   1.06347,   0.91265,   2.44565,   0.40693,   0.36566
 493.00000,   4.00000,   9.67000,   0.00617,  50.42289,   1.94393,   1.00364,   1.16929,   0.94177,   1.38633,   0.26080,   0.54188
 494.00000,   4.00000,   6.52000,   0.01223,  23.46857,   1.32976,   1.13958,   1.09396,   0.94682,   1.27993,   0.32482,   0.51084
 495.00000,   4.00000,   7.19000,   0.00475,  31.93929,   1.55992,   1.19759,   1.03156,   0.95739,   1.62012,   0.48119,   0.24610
 496.00000,   4.00000,  12.44000,   0.00224,  82.13650,   2.49801,   1.06294,   1.16917,   0.95469,   2.72143,   0.45529,   0.21816
 497.00000,   4.00000,   6.84000,   0.01198,  27.14062,   1.38493,   1.31061,   0.98844,   0.88807,   1.53892,   0.24473,   0.19352
 498.00000,   4.00000,  11.28000,   0.01156,  30.48559,   1.28314,   2.41075,   1.14402,   0.67868,   2.65822,   0.48365,   0.19674
 499.00000,   4.00000,   5.47000,   0.00530,  35.51073,   1.63761,   1.29060,   0.72450,   0.94902,   1.38748,   0.42163,   0.15385
